10 50 7 5
10 100 7 5
10 250 7 5
10 500 7 5
10 1000 7 5
10 2000 7 5
10 3000 7 5
10 4000 7 5
10 5000 7 5
10 6000 7 5
10 7000 7 5
10 8000 7 5
10 9000 7 5
10 1000 7 5
10 11000 7 5
10 12000 7 5
10 13000 7 5
10 14000 7 5
10 15000 7 5
2 50 7 5
2 100 7 5
2 250 7 5
2 500 7 5
2 1000 7 5
2 2000 7 5
2 3000 7 5
2 4000 7 5
2 5000 7 5
2 6000 7 5
2 7000 7 5
2 8000 7 5
2 9000 7 5
2 1000 7 5
2 11000 7 5
2 12000 7 5
2 13000 7 5
2 14000 7 5
2 15000 7 5
10 500 7 5
2 2500 7 5
5 1000 7 5
50 100 7 5
25 200 7 5
100 50 7 5
250 20 7 5
500 10 7 5
1000 5 7 5
5000 1 7 5
250 20 7 5
2 500 7 5
5 500 7 5
10 500 7 5
25 500 7 5
50 500 7 5
100 500 7 5
150 500 7 5
200 500 7 5
250 500 7 5
300 500 7 5
