10 500 7 5
2 2500 7 5
5 1000 7 5
50 100 7 5
25 200 7 5
100 50 7 5
250 20 7 5
500 10 7 5
1000 5 7 5
5000 1 7 5
250 20 7 5
2 500 7 5
5 500 7 5
10 500 7 5
25 500 7 5
50 500 7 5
100 500 7 5
150 500 7 5
200 500 7 5
250 500 7 5
300 500 7 5
10 500 1 5
10 500 2 5
10 500 5 5
10 500 7 5
10 500 10 5
10 500 15 5
10 500 20 5
10 500 30 5
10 500 50 5
10 500 100 5
2 2500 1 5
2 2500 2 5
2 2500 5 5
2 2500 7 5
2 2500 2 5
2 2500 15 5
2 2500 20 5
2 2500 30 5
2 2500 50 5
2 2500 100 5
10 500 7 1
10 500 7 3
10 500 7 5
10 500 7 7
10 500 7 10
10 500 7 15
10 500 7 20
10 500 7 30
10 500 7 50
10 500 7 100
2 2500 7 1
2 2500 7 3
2 2500 7 5
2 2500 7 7
2 2500 7 10
2 2500 7 15
2 2500 7 20
2 2500 7 30
2 2500 7 50
2 2500 7 100
